cricket -> [0 0 1 0 0 0 1 0 0 0 0 1 0 0 0 0 0 0 0 0]
bat -> [1 0 1 0 0 0 1 0 0 0 0 0 0 0 0 0 0 0 0 1]
ball -> [1 0 1 0 0 0 0 0 0 0 0 1 0 0 0 0 0 0 0 1]
game -> [1 0 1 0 0 0 1 0 0 0 0 1 0 0 0 0 0 0 0 1]
played -> [1 0 1 0 0 0 1 0 0 0 0 1 0 0 0 0 0 0 0 2]
two -> [1 0 0 0 0 0 1 0 0 0 0 1 0 0 0 0 0 0 0 2]
team -> [0 0 1 0 0 0 1 0 0 0 0 1 0 0 0 0 0 0 0 1]
eleven -> [1 0 1 0 0 0 1 0 0 0 0 0 0 0 0 0 0 0 0 1]
player -> [1 0 1 0 0 0 0 1 0 0 0 0 0 0 0 0 0 0 0 1]
cricket -> [1 0 1 0 0 0 0 1 0 0 0 0 1 0 0 0 0 0 0 0]
field -> [1 0 1 0 0 0 0 1 0 0 0 0 1 1 0 0 0 0 0 1]
phase -> [2 0 0 0 0 0 0 1 0 0 0 0 1 1 0 0 0 0 0 1]
play -> [1 0 0 0 0 0 0 1 0 0 0 1 1 1 0 0 0 0 0 1]
called -> [1 0 0 0 0 0 0 0 0 0 0 1 1 1 0 0 0 0 0 1]
inning -> [1 0 0 0 0 0 0 1 0 0 0 1 0 1 0 0 0 0 0 1]
one -> [1 0 0 0 0 0 0 1 0 0 0 1 1 0 0 0 0 0 0 0]
team -> [0 0 0 1 0 0 0 1 0 0 0 1 1 1 0 0 0 0 0 0]
bat -> [1 0 0 1 0 0 0 1 0 0 0 0 1 1 0 0 0 0 0 0]
attempting -> [2 0 0 1 0 0 0 1 0 0 0 1 1 1 0 0 0 0 0 0]
score -> [2 0 0 1 0 0 0 0 0 0 0 1 1 2 0 0 0 0 0 0]
many -> [2 0 1 1 0 0 0 0 0 0 0 1 0 2 0 0 0 0 0 0]
run -> [2 0 1 0 0 0 0 0 0 0 0 1 1 1 0 0 0 0 0 0]
possible -> [1 0 1 1 0 0 0 0 0 0 0 1 1 1 0 0 0 0 0 0]
team -> [0 0 1 1 0 0 0 0 0 0 0 0 1 1 0 0 0 0 0 0]
one -> [1 0 1 1 0 0 0 0 0 0 0 0 1 0 0 0 0 0 0 0]
two -> [1 0 0 1 0 0 0 0 0 0 0 0 2 1 0 0 0 0 0 0]
inning -> [1 0 1 1 0 0 0 0 0 0 0 0 1 1 0 0 0 0 0 0]
apiece -> [2 0 1 0 0 0 0 0 0 0 0 0 2 1 0 0 0 0 0 0]
and -> [2 0 1 0 0 0 0 0 0 0 0 0 2 1 0 0 0 0 0 0]
first -> [1 0 1 0 0 0 0 0 0 0 0 0 2 1 0 0 0 0 0 0]
inning -> [1 0 1 0 0 0 0 0 0 0 0 0 1 0 0 0 0 0 0 0]
end -> [1 0 0 0 0 0 0 0 0 0 0 0 3 0 0 0 0 0 0 0]
team -> [0 0 0 0 0 0 0 0 0 0 0 0 2 0 0 0 0 0 0 0]
swap -> [1 0 0 0 0 0 0 0 0 0 0 0 2 0 0 0 0 0 0 0]
role -> [1 0 1 0 0 0 0 0 0 0 0 0 2 0 0 0 0 0 0 0]
next -> [2 0 1 0 0 0 0 0 0 0 0 0 2 0 0 0 0 0 0 0]
inning -> [2 0 1 0 0 0 0 0 0 0 0 0 0 0 0 0 0 0 0 0]
match -> [2 0 1 0 0 0 0 0 0 0 0 0 1 0 0 0 0 0 0 0]
begin -> [1 0 1 0 0 0 0 0 0 0 0 0 1 0 0 0 0 0 0 0]
two -> [1 0 0 0 0 0 0 0 0 0 0 0 1 0 0 0 0 0 0 0]
team -> [0 0 1 0 0 0 0 0 0 0 0 0 1 0 0 0 0 0 0 0]
captain -> [1 0 1 0 0 0 0 0 0 0 0 0 1 0 0 0 0 0 0 0]
meet -> [2 0 1 0 0 0 0 0 0 0 0 0 0 0 0 0 0 0 0 0]
pitch -> [2 0 1 0 0 0 0 0 0 0 0 1 0 0 0 0 0 0 0 0]
toss -> [2 0 1 0 0 0 0 0 0 0 0 1 0 0 0 0 0 0 0 0]
coin -> [2 0 1 0 0 0 0 0 0 0 0 1 0 0 0 0 0 0 0 0]
determine -> [1 0 1 0 0 0 0 0 0 0 0 1 0 0 1 0 0 0 0 0]
team -> [0 0 1 0 0 0 0 0 0 0 0 1 0 0 1 0 0 0 0 0]
bat -> [1 0 1 0 0 0 0 0 0 0 0 0 0 0 1 0 0 0 0 0]
first -> [1 0 1 0 0 0 0 0 0 0 0 1 0 0 1 0 0 0 0 0]
two -> [1 0 0 0 0 0 0 0 0 0 0 1 0 0 1 0 0 0 0 0]
batsman -> [1 0 1 0 0 0 0 0 0 0 0 1 0 0 0 0 0 0 0 0]
eleven -> [1 0 1 0 0 0 0 0 0 0 0 1 0 0 1 0 0 0 0 0]
fielder -> [0 0 1 0 0 0 0 0 0 0 0 1 0 0 1 0 0 0 0 0]
enter -> [0 0 1 0 0 0 0 0 0 0 0 0 0 0 1 0 0 0 0 0]
field -> [1 0 1 0 0 0 0 0 0 0 0 0 0 0 1 0 0 0 0 0]
play -> [1 0 0 0 0 0 0 0 0 0 0 0 0 0 1 0 0 0 0 0]
begin -> [1 0 0 0 0 0 0 0 0 0 0 0 0 0 0 0 0 0 0 0]
member -> [1 0 0 0 0 0 0 0 0 0 0 0 0 0 0 0 0 0 0 0]
fielding -> [1 0 0 0 0 0 1 0 0 0 0 0 0 0 0 0 0 0 0 0]
team -> [0 0 0 0 0 0 1 0 0 0 0 0 0 0 0 0 0 0 0 0]
known -> [1 0 0 0 0 0 1 0 0 0 0 0 0 0 0 0 0 0 0 0]
bowler -> [1 0 0 0 0 0 1 0 0 0 0 0 0 0 0 0 0 0 0 1]
delivers -> [1 0 0 0 0 0 1 0 0 0 0 0 0 0 0 0 0 0 0 1]
ball -> [1 0 0 0 0 0 0 0 0 0 0 0 0 0 0 0 0 0 0 1]
common -> [1 0 0 0 0 0 1 0 0 0 0 0 0 0 0 0 0 0 0 1]
dismissal -> [0 0 0 0 0 0 1 0 0 0 0 0 0 0 0 0 0 0 0 1]
cricket -> [0 0 0 0 0 0 1 0 0 0 0 0 0 0 0 0 0 0 0 0]
match -> [0 0 0 0 0 0 1 0 0 0 0 0 0 0 0 0 0 0 0 1]
bowled -> [0 0 0 0 0 0 2 0 0 0 0 0 0 0 0 0 0 0 0 1]
bowler -> [0 0 0 0 0 0 1 0 0 0 0 0 0 0 0 0 0 0 0 1]
hit -> [0 0 0 0 0 0 1 0 0 0 0 0 0 0 0 0 0 0 0 1]
stump -> [0 0 0 0 0 0 1 0 0 0 0 0 0 0 1 0 0 0 0 1]
directly -> [0 0 0 0 0 0 1 0 0 0 0 0 0 0 1 0 0 0 0 0]
ball -> [0 0 0 0 0 0 0 0 0 0 0 0 0 0 1 0 0 0 0 0]
dislodges -> [0 0 0 1 0 0 1 0 0 0 0 0 0 0 1 0 0 0 0 0]
bail -> [0 0 0 1 0 0 1 0 0 0 0 0 0 0 1 0 0 0 0 0]
batsman -> [0 0 1 1 0 0 1 0 0 0 0 0 0 0 0 0 0 0 0 0]
get -> [0 0 1 1 0 0 1 0 0 0 0 0 0 0 1 0 0 0 0 0]
out -> [0 0 1 1 0 0 1 0 0 0 0 0 0 0 1 0 0 0 0 0]
run -> [0 0 1 0 0 0 0 0 0 0 0 0 0 0 1 0 0 0 0 0]
scored -> [0 0 1 1 0 0 0 0 0 0 0 0 0 0 1 0 0 0 0 0]
two -> [0 0 0 1 0 0 1 0 0 0 0 0 0 0 1 0 0 0 0 0]
main -> [0 0 1 1 0 0 1 0 0 0 0 0 0 0 0 0 0 0 0 0]
method -> [0 0 1 1 0 0 1 0 0 0 0 0 0 0 0 0 0 0 0 0]
either -> [0 0 1 1 0 0 1 0 0 0 0 0 0 0 0 0 0 0 0 0]
hitting -> [0 0 1 0 0 0 1 0 0 0 0 0 0 0 0 0 0 0 0 0]
ball -> [0 0 2 0 0 0 0 0 0 0 0 0 0 0 0 0 0 0 0 0]
hard -> [0 0 1 0 0 0 1 0 0 0 0 0 0 0 1 0 0 0 0 0]
enough -> [0 0 1 0 0 0 1 0 0 0 0 0 0 0 1 0 0 0 0 0]
cross -> [0 0 1 0 0 0 1 0 0 0 0 0 0 0 1 0 0 0 0 0]
boundary -> [0 0 1 0 0 0 1 0 0 0 0 0 0 0 1 0 0 0 0 0]
two -> [0 0 0 0 0 0 1 0 0 0 0 0 0 0 1 0 0 0 0 0]
batsman -> [1 0 1 0 0 0 0 0 0 0 0 0 0 0 0 0 0 0 0 0]
swapping -> [1 0 1 0 0 0 0 0 0 0 0 0 0 0 1 0 0 0 0 0]
end -> [1 0 1 1 0 0 0 0 0 0 0 0 0 0 1 0 0 0 0 0]
main -> [1 0 1 1 0 0 0 0 0 0 0 0 0 0 1 0 0 0 0 0]
objective -> [2 0 1 1 0 0 0 0 0 0 0 0 0 0 1 0 0 0 0 0]
team -> [1 0 0 1 0 0 0 0 0 0 0 0 0 0 1 0 0 0 0 0]
score -> [2 0 0 1 0 0 0 0 0 0 0 0 0 0 0 0 0 0 0 0]
run -> [2 0 0 0 0 0 0 0 0 0 0 0 0 0 0 0 0 0 0 0]
opponent -> [2 0 0 1 0 0 0 0 0 0 0 0 0 0 0 0 0 0 0 0]
team -> [1 0 0 2 0 0 0 0 0 0 0 0 0 0 0 0 0 0 0 0]
batting -> [2 0 0 2 0 0 0 0 0 0 0 0 0 0 0 0 0 0 0 0]
last -> [1 0 0 2 0 0 0 0 0 0 0 0 0 0 0 0 0 0 0 0]
scored -> [1 0 0 2 0 0 0 0 0 0 0 0 0 0 0 0 0 0 0 0]
fewer -> [1 0 0 1 0 0 0 0 0 0 0 0 0 0 0 0 0 0 0 0]
run -> [1 0 0 1 0 0 0 0 0 0 0 0 0 0 0 0 0 0 0 0]
opponent -> [0 0 0 2 0 0 0 0 0 0 0 0 0 0 0 0 0 0 0 0]
said -> [0 0 0 2 0 0 0 0 0 0 0 0 0 0 0 0 0 0 0 0]
lost -> [0 0 0 2 0 0 0 0 0 0 0 0 0 0 1 0 0 0 0 0]
n -> [0 0 0 2 0 0 0 0 0 0 0 0 0 0 1 0 0 0 0 0]
run -> [0 0 0 1 0 0 1 0 0 0 0 0 0 0 1 0 0 0 0 0]
role -> [0 0 0 1 0 0 1 0 0 0 0 0 0 0 1 0 0 0 0 0]
striker -> [0 0 0 1 0 0 1 0 0 0 0 0 0 0 1 0 0 0 0 0]
batsman -> [0 0 0 1 0 0 1 0 0 0 0 0 0 0 0 0 0 0 0 0]
prevent -> [0 0 0 1 0 0 1 0 0 0 0 1 0 0 1 0 0 0 0 0]
ball -> [0 0 0 1 0 0 0 0 0 0 0 1 0 0 1 0 0 0 0 0]
hitting -> [0 0 0 0 0 0 1 0 0 0 0 1 0 0 1 0 0 0 0 0]
stump -> [0 0 0 0 0 0 1 0 0 0 0 1 0 0 1 0 0 0 0 0]
using -> [0 0 0 0 0 0 1 0 0 0 0 1 0 0 1 0 0 0 0 0]
bat -> [0 0 0 0 0 0 1 0 0 0 0 0 0 0 0 0 0 0 0 0]
and -> [0 0 0 0 0 0 1 0 0 0 0 1 0 0 0 0 0 0 0 0]
simultaneously -> [0 0 0 1 0 0 0 0 0 0 0 1 0 0 0 0 0 0 0 0]
strike -> [0 0 0 1 0 0 0 0 0 0 0 1 0 0 0 0 0 0 0 0]
well -> [0 0 0 1 0 0 0 0 0 0 0 1 0 0 0 1 0 0 0 0]
enough -> [0 0 0 1 0 0 0 0 0 0 0 1 0 0 0 2 0 0 0 0]
score -> [0 0 0 1 0 0 0 0 0 0 0 0 0 0 0 2 0 0 0 0]
run -> [0 0 0 0 0 0 0 0 1 0 0 0 0 0 0 2 0 0 0 0]
artificial -> [0 0 0 1 0 0 0 0 1 0 0 0 0 0 0 2 0 0 0 0]
intelligence -> [0 0 0 1 0 0 0 0 1 0 0 0 0 0 0 1 0 0 0 0]
intelligence -> [0 0 0 1 0 0 0 0 1 0 0 0 0 0 0 1 0 0 0 0]
exhibited -> [0 0 0 1 0 0 0 0 1 0 0 0 0 0 0 2 0 0 0 0]
machine -> [0 0 0 1 1 0 0 0 0 0 0 0 0 0 0 2 0 0 0 0]
rather -> [0 0 0 0 1 0 0 0 1 0 0 0 0 0 0 2 0 0 0 0]
human -> [0 0 0 0 1 0 0 0 1 0 0 0 0 0 0 2 0 0 0 0]
animal -> [0 0 0 0 1 0 0 0 1 0 0 0 0 0 0 1 0 0 0 0]
field -> [0 0 0 0 1 0 0 0 1 0 0 0 0 0 0 0 0 0 0 0]
ai -> [0 0 0 0 0 0 0 0 1 0 0 0 0 0 0 0 0 0 0 0]
research -> [0 0 0 0 1 0 0 0 0 0 0 0 0 0 0 0 0 0 0 0]
defines -> [0 0 0 0 1 0 0 0 0 0 0 0 0 0 0 0 0 0 0 0]
study -> [0 0 0 0 1 0 0 0 0 0 0 0 0 0 0 0 0 0 0 0]
intelligent -> [0 0 0 0 1 0 0 0 0 0 0 0 0 0 0 0 0 0 0 0]
agent -> [0 0 0 0 1 0 0 0 0 0 0 0 0 0 0 0 0 0 0 0]
device -> [0 0 0 0 0 0 0 0 0 0 0 0 0 0 0 0 0 0 0 0]
perceives -> [0 0 0 0 0 0 0 0 0 0 0 0 0 0 0 0 0 0 0 0]
environment -> [0 0 0 0 0 0 0 0 0 0 0 0 0 0 0 0 0 0 0 0]
take -> [0 0 0 0 0 0 0 0 0 0 0 0 0 0 0 0 0 0 0 0]
action -> [0 0 0 0 0 0 0 0 0 0 0 0 0 0 0 0 0 0 0 0]
maximize -> [0 0 0 0 0 0 0 0 0 0 0 0 0 0 0 0 0 0 0 0]
chance -> [0 0 0 0 0 0 0 0 0 0 0 0 0 0 0 0 0 0 0 0]
success -> [0 0 0 0 0 0 0 0 0 0 0 0 0 0 0 0 0 0 0 0]
goal -> [0 0 0 0 0 0 0 0 0 0 0 0 0 0 0 1 0 0 0 0]
overall -> [0 0 0 0 0 0 0 0 0 0 0 0 0 0 0 1 0 0 0 0]
research -> [0 0 0 0 0 0 0 0 0 0 0 0 0 0 0 1 0 0 0 0]
goal -> [0 0 0 0 0 0 0 0 0 0 0 0 0 0 0 1 0 0 0 0]
artificial -> [0 0 0 0 0 0 0 0 0 0 0 0 0 0 0 1 0 0 0 0]
intelligence -> [0 0 0 0 0 0 0 0 1 0 0 0 0 0 0 0 0 0 0 0]
create -> [0 0 0 0 0 0 0 0 1 0 0 0 0 0 0 1 0 0 0 0]
technology -> [0 0 0 0 0 0 0 0 1 0 0 0 0 0 0 1 0 0 0 0]
allows -> [0 0 0 0 0 0 0 0 1 0 0 0 0 0 0 1 0 0 0 0]
computer -> [0 0 0 0 0 0 0 0 1 0 0 0 0 0 0 1 0 0 0 0]
machine -> [0 0 0 0 0 0 0 0 0 0 0 0 0 0 0 1 0 0 0 0]
function -> [0 0 0 0 0 0 0 0 1 0 0 0 0 0 0 0 0 0 0 0]
intelligent -> [0 0 0 0 0 0 0 0 1 0 0 0 0 0 0 0 0 0 0 0]
manner -> [0 0 0 0 0 0 0 0 2 0 0 0 0 0 0 0 0 0 0 0]
natural -> [0 0 0 0 0 0 0 0 2 0 0 0 0 0 0 0 0 0 0 0]
language -> [0 0 0 0 0 0 0 0 2 0 0 0 0 0 0 0 0 0 0 0]
processing -> [0 0 0 0 0 0 0 0 1 0 0 0 0 0 0 0 0 0 0 0]
give -> [0 0 0 0 0 0 0 0 1 0 0 0 0 0 0 0 0 0 0 0]
machine -> [0 0 0 0 0 0 0 0 0 0 0 0 0 0 0 0 0 0 0 0]
ability -> [0 0 0 0 0 0 0 0 1 0 0 0 0 0 0 0 0 0 0 0]
read -> [0 0 0 0 0 0 0 0 1 0 0 0 0 0 0 1 0 0 0 0]
understand -> [0 0 0 0 0 0 0 0 1 0 0 0 0 0 0 1 0 0 0 0]
human -> [0 0 0 0 1 0 0 0 1 0 0 0 0 0 0 1 0 0 0 0]
language -> [0 0 0 0 1 0 0 0 1 0 0 0 0 0 0 1 0 0 0 0]
extract -> [0 0 0 0 1 0 0 0 0 0 0 0 0 0 0 1 0 0 0 0]
intelligence -> [0 0 0 0 1 0 0 0 0 0 0 0 0 0 0 0 0 0 0 0]
it -> [0 0 0 0 1 0 0 0 0 0 0 0 0 0 0 1 0 0 0 0]
ai -> [0 0 0 0 0 0 0 0 0 0 0 0 0 0 0 1 0 0 0 0]
researcher -> [0 0 0 0 1 0 0 0 0 0 0 0 0 0 0 1 0 0 0 0]
developed -> [0 0 0 0 1 0 0 0 0 0 0 0 0 0 0 1 0 0 0 0]
sophisticated -> [0 0 0 0 1 0 0 0 0 0 0 0 0 0 0 1 0 0 0 0]
mathematical -> [0 0 0 0 1 0 0 0 0 0 0 0 0 0 0 0 0 0 0 0]
tool -> [0 0 0 0 1 0 0 0 0 0 0 0 0 0 0 0 0 0 0 0]
solve -> [0 0 0 0 0 0 0 0 0 0 0 0 0 0 0 0 0 0 0 0]
specific -> [0 0 0 0 0 0 0 0 0 0 0 0 0 0 0 0 0 0 0 0]
subproblems -> [0 0 0 0 0 0 0 0 0 0 0 0 0 0 0 0 0 0 0 0]
tool -> [0 0 0 0 0 0 0 0 0 0 0 0 0 0 0 0 0 0 0 0]
truly -> [0 0 0 0 0 0 0 0 0 0 0 0 0 0 0 0 0 0 0 0]
scientific -> [0 0 0 0 0 0 0 0 0 0 0 0 0 0 0 0 0 0 0 0]
sense -> [0 0 0 0 0 0 0 0 0 0 0 0 0 0 0 0 0 0 0 0]
result -> [0 0 0 0 0 0 0 0 0 0 0 0 0 0 0 0 0 0 0 0]
measurable -> [0 0 0 0 0 0 0 0 0 0 0 0 0 0 0 0 0 0 0 0]
verifiable -> [0 0 0 0 0 0 0 0 0 0 0 0 0 0 0 0 0 0 0 0]
intelligent -> [0 0 0 0 0 0 0 0 0 0 0 0 0 0 0 0 0 0 0 0]
agent -> [0 0 0 0 0 0 0 0 0 0 0 0 0 0 0 0 0 0 0 0]
system -> [0 0 0 0 0 0 0 0 0 0 0 0 0 0 0 0 0 0 0 0]
perceives -> [0 0 0 0 0 0 0 0 0 0 0 0 0 0 0 0 0 0 0 0]
environment -> [0 0 0 0 0 0 0 0 0 0 0 0 0 0 0 0 0 0 0 0]
take -> [0 0 0 0 1 0 0 0 0 0 0 0 0 0 0 0 0 0 0 0]
action -> [0 0 0 0 1 0 0 0 0 0 0 0 0 0 0 0 0 0 0 0]
maximize -> [0 0 0 0 1 0 0 0 0 0 0 0 0 0 0 0 0 0 0 0]
chance -> [0 0 0 0 1 0 0 0 0 0 0 0 0 0 0 0 0 0 0 0]
success -> [0 0 0 0 1 0 0 0 0 0 0 0 0 0 0 0 0 0 0 0]
ai -> [0 0 0 0 0 0 0 0 0 0 0 0 0 0 0 0 0 0 0 0]
technique -> [0 0 0 0 1 0 0 0 0 0 0 0 0 0 0 0 0 0 0 0]
become -> [0 0 0 0 1 0 0 0 0 0 0 0 0 0 0 0 0 0 0 0]
essential -> [0 0 0 0 1 0 0 0 0 0 0 0 0 0 0 0 0 0 0 0]
part -> [0 0 0 0 1 0 0 0 0 0 0 0 0 0 0 0 0 0 0 0]
technology -> [0 0 0 0 1 0 0 0 0 0 0 0 0 0 0 0 0 0 0 0]
industry -> [0 0 0 0 0 0 0 0 0 0 0 0 0 0 0 0 0 0 0 0]
helping -> [0 0 0 0 0 0 0 0 0 0 0 0 0 0 0 0 0 0 0 0]
solve -> [0 0 0 0 0 0 0 0 0 0 0 0 0 0 0 0 1 0 0 0]
many -> [0 0 0 0 0 0 0 0 0 0 0 0 0 0 0 0 1 0 0 0]
challenging -> [0 0 0 0 0 0 0 0 0 0 0 0 0 0 0 0 1 0 0 0]
problem -> [0 0 0 0 1 0 0 0 0 0 0 0 0 0 0 0 1 0 0 0]
computer -> [0 0 0 0 1 0 0 0 0 0 0 0 0 0 0 0 1 0 0 0]
science -> [0 0 0 0 1 0 0 0 1 0 0 0 0 0 0 0 0 0 0 0]
recent -> [0 0 0 0 1 0 0 0 1 0 0 0 0 0 0 0 1 0 0 0]
advancement -> [0 0 0 0 1 0 0 0 1 0 0 0 0 0 0 0 1 0 0 0]
ai -> [0 0 0 0 0 0 0 0 1 0 0 0 0 0 0 0 1 0 0 0]
specifically -> [0 0 0 0 1 0 0 0 1 0 0 0 0 0 0 0 1 0 0 0]
machine -> [0 0 0 0 1 0 0 0 0 0 0 0 0 0 0 0 1 0 0 0]
learning -> [0 0 0 0 1 0 0 0 1 0 0 0 0 0 0 0 0 0 0 0]
contributed -> [0 0 0 0 1 0 0 0 1 0 0 0 0 0 0 0 0 0 0 0]
growth -> [0 0 0 0 1 0 0 0 1 0 0 0 0 0 0 0 0 0 0 0]
autonomous -> [0 0 0 0 1 0 0 0 1 0 0 0 0 0 0 0 0 0 0 0]
thing -> [0 0 0 0 1 0 0 0 1 0 0 0 0 0 0 0 0 0 0 0]
drone -> [0 0 0 0 1 0 0 0 0 0 0 0 0 0 0 0 0 0 0 0]
selfdriving -> [0 0 0 0 1 0 0 0 0 0 0 0 0 0 0 0 0 0 0 0]
car -> [0 0 0 0 1 0 0 0 0 0 0 0 0 0 0 0 0 0 0 0]
ai -> [0 0 0 0 0 0 0 0 0 0 0 0 0 0 0 0 0 0 0 0]
research -> [0 0 0 0 1 0 0 0 0 0 0 0 0 0 0 0 0 0 0 0]
revived -> [0 0 0 0 1 0 0 0 0 0 0 0 0 0 0 0 0 0 0 0]
commercial -> [0 0 0 0 2 0 0 0 0 0 0 0 0 0 0 0 0 0 0 0]
success -> [0 0 0 0 2 0 0 0 0 0 0 0 0 0 0 0 0 0 0 0]
expert -> [0 0 0 0 2 0 0 0 0 0 0 0 0 0 0 0 0 0 0 0]
systems -> [0 0 0 0 1 0 0 0 0 0 0 0 0 0 0 0 0 0 0 0]
form -> [0 0 0 0 1 0 0 0 0 0 0 0 0 0 0 0 0 0 0 0]
ai -> [0 0 0 0 0 0 0 0 0 0 0 0 0 0 0 0 0 0 0 0]
program -> [0 0 0 0 1 0 0 0 0 0 0 0 0 0 0 0 0 0 0 0]
simulated -> [0 0 0 0 1 0 0 0 0 0 0 0 0 0 0 0 0 0 0 0]
knowledge -> [0 0 0 0 1 0 0 0 0 0 0 0 0 0 0 0 0 0 0 0]
analytical -> [0 0 0 0 1 0 0 0 0 0 0 0 0 0 0 0 0 0 0 0]
skill -> [0 0 0 0 1 0 0 0 0 0 0 0 0 0 0 0 0 0 0 0]
human -> [0 0 0 0 0 0 0 0 0 0 0 0 0 0 0 0 0 0 0 0]
expert -> [0 0 0 0 0 0 0 0 0 0 0 0 0 0 0 0 0 0 0 0]
advanced -> [0 0 0 0 0 0 0 0 0 0 0 0 0 0 0 0 0 0 0 0]
statistical -> [0 0 0 0 0 0 0 0 0 0 0 0 0 0 0 0 0 0 0 0]
technique -> [0 0 0 0 0 0 0 0 0 0 0 0 0 0 0 0 0 0 0 0]
loosely -> [0 0 0 0 0 0 0 0 0 0 0 0 0 0 0 0 0 0 0 0]
known -> [0 0 0 0 0 0 0 0 0 0 0 0 0 0 0 0 0 0 0 0]
deep -> [0 0 0 0 0 0 0 0 0 0 0 0 0 0 0 0 0 0 0 0]
learning -> [0 0 0 0 0 0 0 0 0 0 0 0 0 0 0 0 0 0 0 0]
access -> [0 0 0 0 0 0 0 0 0 0 0 0 0 0 0 0 0 0 0 0]
large -> [0 0 0 0 0 0 0 0 0 0 0 0 0 0 0 0 0 0 0 0]
amount -> [0 0 0 0 0 0 0 0 0 0 0 0 0 0 0 0 0 0 0 0]
data -> [0 0 0 0 0 0 0 0 1 0 0 0 0 0 0 0 0 0 0 0]
faster -> [0 0 0 0 0 0 0 0 1 0 0 0 0 0 0 0 0 0 0 0]
computer -> [0 0 0 0 0 0 0 0 1 0 0 0 0 0 0 0 0 0 0 0]
enabled -> [0 0 0 0 0 0 0 0 1 0 0 0 0 0 0 0 0 0 0 0]
advance -> [0 0 0 0 0 0 0 0 1 0 0 0 0 0 0 0 0 0 0 0]
machine -> [0 0 0 0 0 1 0 0 0 0 0 0 0 0 0 0 0 0 0 0]
learning -> [0 0 0 0 0 1 0 0 1 0 0 0 0 0 0 0 0 0 0 0]
perception -> [0 0 0 0 0 1 0 0 1 0 0 0 0 0 0 0 0 0 0 0]
compound -> [0 0 0 0 0 1 0 0 1 0 0 0 0 1 0 0 0 0 0 0]
pure -> [0 0 0 0 0 1 0 0 1 1 0 0 0 1 0 0 0 0 0 0]
chemical -> [0 1 0 0 0 0 0 0 1 1 0 0 0 1 0 0 0 0 0 0]
substance -> [0 1 0 0 0 1 0 0 0 1 0 0 0 1 0 0 0 0 0 0]
composed -> [0 1 0 0 0 1 0 0 0 1 0 0 0 1 0 0 0 0 0 0]
one -> [0 1 0 0 0 1 0 0 0 1 0 0 0 0 0 0 0 0 0 0]
element -> [0 1 0 0 0 1 0 0 0 0 0 0 0 1 0 0 0 0 0 0]
property -> [0 0 0 0 0 1 0 0 0 2 0 0 0 1 0 0 0 0 0 0]
compound -> [0 1 0 0 0 0 0 0 0 2 0 0 0 1 0 0 0 0 0 0]
bear -> [0 2 0 0 0 0 0 0 0 2 0 0 0 1 0 0 0 0 0 0]
little -> [0 2 0 0 0 0 0 0 0 3 0 0 0 1 0 0 0 0 0 0]
similarity -> [0 2 0 0 0 0 0 0 0 3 0 0 0 0 0 0 0 0 0 0]
element -> [0 2 0 0 0 0 0 0 0 1 0 0 0 0 0 0 0 0 0 0]
since -> [0 1 0 0 0 0 0 0 0 2 0 0 0 0 0 0 0 1 0 0]
property -> [0 0 0 0 0 0 0 0 0 2 0 0 0 0 0 0 0 1 0 0]
element -> [0 2 0 0 0 0 0 0 0 1 0 0 0 0 0 0 0 1 0 0]
mostly -> [0 2 0 0 0 0 0 0 0 3 0 0 0 0 0 0 0 1 0 0]
determined -> [0 2 0 0 0 0 0 0 0 3 0 0 0 0 0 0 0 1 0 0]
electron -> [0 2 0 0 0 0 0 0 0 2 0 0 0 0 0 0 0 0 0 0]
configuration -> [0 2 0 0 0 0 0 0 0 2 0 0 0 0 0 0 0 1 0 0]
property -> [0 0 0 0 0 0 0 0 0 2 0 0 0 0 0 0 0 1 0 0]
element -> [0 1 0 0 0 0 0 0 0 0 0 0 0 0 0 0 0 1 0 0]
likewise -> [0 1 0 0 0 0 0 0 0 1 0 0 0 0 0 0 0 1 0 0]
show -> [0 2 0 0 0 0 0 0 0 1 0 0 0 0 0 0 0 1 0 0]
recurring -> [0 2 0 0 0 0 0 0 0 1 0 0 0 0 0 0 0 0 0 0]
pattern -> [0 2 0 0 0 0 0 0 0 1 0 0 0 0 0 0 0 0 0 0]
periodic -> [0 1 0 0 0 0 0 0 0 1 0 0 0 0 0 0 0 0 0 0]
behaviour -> [0 1 0 0 0 0 0 0 0 0 0 0 0 0 0 0 0 0 0 0]
property -> [0 0 0 0 0 0 0 0 0 0 0 0 0 0 0 0 0 0 0 0]
inertness -> [0 1 0 0 0 1 0 0 0 0 0 0 0 0 0 0 0 0 0 0]
noble -> [0 1 0 0 0 1 0 0 0 0 0 0 0 0 0 0 0 0 0 0]
gas -> [0 1 0 0 0 1 0 0 0 0 0 0 0 0 0 0 0 0 0 0]
make -> [0 1 0 0 0 1 0 0 0 0 1 0 0 0 0 0 0 0 0 0]
suitable -> [0 1 0 0 0 1 0 0 0 0 1 0 0 0 0 0 0 0 0 0]
chemical -> [0 0 0 0 0 0 0 0 0 0 1 0 0 0 0 0 0 0 0 0]
reaction -> [0 0 0 0 0 1 0 0 0 0 1 0 0 0 0 0 0 0 0 0]
wanted -> [0 0 0 0 0 1 0 0 0 0 1 0 0 0 0 0 0 0 0 0]
atom -> [0 0 0 0 0 1 0 0 0 0 0 0 0 0 0 0 0 0 0 0]
also -> [0 0 0 0 0 2 0 0 0 0 1 0 0 0 0 0 0 0 0 0]
smallest -> [0 1 0 0 0 2 0 0 0 0 1 0 0 0 0 0 0 0 0 0]
entity -> [0 1 0 0 0 1 0 0 0 1 1 0 0 0 0 0 0 0 0 0]
envisaged -> [0 1 0 0 0 1 0 0 0 1 1 0 0 0 0 0 0 0 0 0]
retain -> [0 1 0 0 0 1 0 0 0 1 1 0 0 0 0 0 0 0 0 0]
chemical -> [0 1 0 0 0 0 0 0 0 1 0 0 0 0 0 0 0 0 0 0]
property -> [0 0 0 0 0 1 0 0 0 1 0 0 0 0 0 0 0 0 0 0]
element -> [0 1 0 0 0 1 0 0 0 0 0 0 0 0 0 0 0 0 0 0]
electronegativity -> [0 1 0 0 0 1 0 0 0 1 0 0 0 0 0 0 0 0 0 0]
ionization -> [0 1 0 0 0 1 0 0 0 1 0 0 0 0 0 0 0 0 0 0]
potential -> [0 1 0 0 0 1 0 0 0 1 0 0 0 0 0 0 0 0 0 0]
preferred -> [0 1 0 0 0 0 0 0 0 1 0 0 0 0 0 0 0 0 0 0]
oxidation -> [0 0 0 0 0 0 0 0 0 1 0 0 0 0 0 0 0 0 0 0]
state -> [0 0 0 0 0 0 0 0 0 0 0 0 0 0 0 0 0 0 0 0]
nucleus -> [0 0 0 0 0 0 0 0 0 0 0 0 0 0 0 0 0 0 0 0]
made -> [0 0 0 0 0 0 0 0 0 0 0 0 0 0 0 0 0 0 0 0]
positively -> [0 0 0 0 0 0 0 0 0 0 0 0 0 0 0 0 0 0 0 0]
charged -> [0 0 0 0 0 0 0 1 0 0 0 0 0 0 0 0 0 0 0 0]
proton -> [0 0 0 0 0 0 0 1 0 0 0 0 0 0 0 0 0 0 0 0]
uncharged -> [0 0 0 0 0 0 0 1 0 0 0 0 0 0 0 0 0 1 0 0]
neutron -> [0 0 0 0 0 0 0 1 0 0 0 0 0 0 0 0 0 1 0 0]
together -> [0 0 0 0 0 0 0 1 0 0 0 0 0 0 0 0 0 1 0 0]
called -> [0 0 0 0 0 0 0 0 0 0 0 0 0 0 0 0 0 1 0 0]
nucleon -> [0 0 0 0 0 0 0 1 0 0 0 0 0 0 0 0 0 1 0 0]
electron -> [0 0 0 0 0 0 0 1 0 0 0 0 0 0 0 0 0 1 0 0]
cloud -> [0 0 0 0 0 0 0 1 0 0 0 0 0 0 0 0 0 2 0 0]
consists -> [0 0 0 0 0 0 0 1 0 0 0 0 0 0 0 0 0 2 0 0]
negatively -> [0 0 0 0 0 0 0 1 0 0 1 0 0 0 0 0 0 2 0 0]
charged -> [0 0 0 0 0 0 0 0 0 0 1 0 0 0 0 0 0 2 0 0]
electron -> [0 0 0 0 0 0 0 0 0 0 1 0 0 0 0 0 0 1 0 0]
orbit -> [0 0 0 0 0 0 0 0 0 0 1 0 0 0 0 0 0 1 1 0]
nucleus -> [0 0 0 0 0 0 0 0 0 0 1 0 0 0 0 0 0 1 1 0]
atom -> [0 0 0 0 0 0 0 0 0 0 0 0 0 0 0 0 0 1 1 0]
basic -> [0 0 0 0 0 0 0 0 0 0 1 0 0 0 0 0 0 1 1 0]
unit -> [0 0 0 0 0 0 0 1 0 0 1 0 0 0 0 0 0 1 1 0]
chemistry -> [0 0 0 0 0 0 0 1 0 0 1 0 0 0 0 0 0 0 0 0]
consists -> [0 0 0 0 0 0 0 1 0 0 1 0 0 0 0 0 0 0 1 0]
dense -> [0 0 0 0 0 0 0 1 0 0 1 0 0 0 0 0 0 0 1 0]
core -> [0 0 0 0 0 0 0 1 0 0 0 0 0 0 0 0 0 0 1 0]
called -> [0 0 0 0 0 0 0 1 0 0 0 0 0 0 0 0 0 0 1 0]
atomic -> [0 0 0 0 0 0 0 2 0 0 0 0 0 0 0 0 0 1 1 0]
nucleus -> [0 0 0 0 0 0 0 2 0 0 0 0 0 0 0 0 0 1 0 0]
surrounded -> [0 0 0 0 0 1 0 2 0 0 0 0 0 0 0 0 0 1 0 0]
space -> [0 0 0 0 0 1 0 2 0 0 0 0 0 0 0 0 0 1 0 0]
called -> [0 0 0 0 0 1 0 1 0 0 0 0 0 0 0 0 0 1 0 0]
electron -> [0 0 0 0 0 1 0 1 0 0 0 0 0 0 0 0 0 0 0 0]
cloud -> [0 0 0 0 0 1 0 1 0 0 0 0 0 1 0 0 0 1 0 0]
chemical -> [0 0 0 0 0 0 0 1 0 0 0 0 0 1 0 0 0 1 0 0]
reaction -> [0 0 0 0 0 1 0 1 0 0 0 0 0 1 0 0 0 1 0 0]
transformation -> [0 0 0 0 0 1 0 1 0 0 0 0 0 1 0 0 0 1 1 0]
substance -> [0 0 0 0 0 1 0 0 0 0 0 0 0 1 0 0 0 1 1 0]
one -> [0 0 0 0 0 1 0 1 0 0 0 0 0 0 0 0 0 0 1 0]
different -> [0 0 0 0 0 1 0 1 0 0 0 0 0 1 0 0 0 0 1 0]
substance -> [0 0 0 0 0 0 0 1 0 0 0 0 0 1 0 0 1 0 1 0]
chemistry -> [0 0 0 0 0 0 0 1 0 0 0 0 0 1 0 0 1 0 0 0]
sometimes -> [0 0 0 0 0 0 0 1 0 0 0 0 0 1 0 0 1 0 1 0]
called -> [0 0 0 0 0 0 0 0 0 0 0 0 0 1 0 0 2 0 1 0]
central -> [0 0 0 0 0 0 0 1 0 0 0 0 0 0 0 0 2 0 1 0]
science -> [0 0 0 0 0 0 0 1 0 0 0 0 0 0 0 0 1 0 1 0]
bridge -> [0 0 0 0 0 0 0 1 0 0 0 0 0 0 0 0 2 0 1 0]
natural -> [0 0 0 0 0 0 0 1 0 0 0 0 0 0 0 0 2 0 0 0]
science -> [0 0 0 0 0 0 0 1 0 0 0 0 0 0 0 0 1 0 1 0]
including -> [0 0 0 0 0 0 0 0 0 0 0 0 0 0 0 0 2 0 1 0]
physic -> [0 0 0 0 0 0 0 0 0 0 0 0 0 0 0 0 2 0 1 0]
geology -> [0 1 0 0 0 0 0 0 0 0 0 0 0 0 0 0 1 0 1 0]
biology -> [0 1 0 0 0 0 0 0 0 0 0 0 0 0 0 0 1 0 1 0]
chemistry -> [0 1 0 0 0 0 0 0 0 0 1 0 0 0 0 0 1 0 0 0]
includes -> [0 1 0 0 0 0 0 0 0 0 2 0 0 0 0 0 0 0 1 0]
topic -> [0 1 0 0 0 0 0 0 0 0 2 0 0 0 0 0 0 0 1 0]
property -> [0 0 0 0 0 1 0 0 0 0 2 0 0 0 0 0 0 0 1 0]
individual -> [0 1 0 0 0 1 0 0 0 0 2 0 0 0 0 0 0 0 1 0]
atom -> [0 1 0 0 0 1 0 0 0 0 1 0 0 0 0 0 0 0 1 0]
atom -> [0 1 0 0 0 2 0 0 0 0 1 0 0 0 0 0 0 0 0 0]
form -> [0 1 0 0 0 2 0 0 0 0 2 0 0 0 0 0 0 0 0 0]
chemical -> [0 1 0 0 0 1 0 0 0 0 2 0 0 0 0 0 0 0 1 0]
bond -> [0 0 0 0 0 2 0 0 0 0 2 0 0 0 0 0 0 0 1 0]
create -> [0 0 0 0 0 2 0 0 0 0 2 0 0 0 0 0 0 0 1 0]
chemical -> [0 0 0 0 0 1 0 0 0 0 1 0 0 0 0 0 1 0 1 0]
compound -> [0 0 0 0 0 2 0 0 0 0 0 0 0 0 0 0 1 0 1 0]
chemistry -> [0 0 0 0 0 2 0 0 0 0 0 0 0 0 0 0 1 0 0 0]
branch -> [0 0 0 0 0 1 0 0 0 0 0 0 0 0 0 0 1 0 1 0]
physical -> [0 0 0 0 0 1 0 0 0 0 1 0 0 0 0 0 1 0 1 0]
science -> [0 1 0 0 0 1 0 0 0 0 1 0 0 0 0 0 0 0 1 0]
study -> [0 1 0 0 0 0 0 0 0 0 1 0 0 0 0 0 1 0 1 0]
composition -> [0 1 0 0 0 0 0 0 0 0 1 0 0 0 0 0 1 0 1 0]
structure -> [0 1 0 0 0 0 0 0 0 0 1 0 0 0 0 0 1 0 0 0]
atom -> [0 1 0 0 0 0 0 0 0 0 0 0 0 0 0 0 1 0 0 0]
property -> [0 0 0 0 0 0 0 0 0 0 1 0 0 0 0 0 1 0 0 0]
change -> [0 1 0 0 0 0 0 0 0 0 1 0 0 0 0 0 0 0 0 0]
matter -> [0 1 0 0 0 0 0 0 0 0 1 0 0 0 0 0 0 0 0 0]
